00000,00000,00000,00000,00000,00000,00000,00000,00000,00000,00000,00000,00000,00000,00000,00000,00000,00000,00000,00000,00000,00000,00000,00000,00000,00000,00000,00000,00000
05174,01478,03302,04276,04071,08937,05499,03177,06396,06256,04629,05235,05055,00890,00687,00715,01595,04750,06906,05552,06341,06864,07405,07719,08056,12285,17273,17981,18950
02810,02558,00526,02321,12054,03974,00162,00072,00050,01075,02272,00943,01123,00511,00000,00037,00000,00000,00025,00000,00025,00000,00000,00000,00000,00000,00000,00000,00025
00000,00000,00000,00000,00000,00000,00000,00000,00000,00000,00000,00000,00000,00000,00000,00000,00000,00000,00000,00000,00000,00000,00000,00000,00000,00000,00000,00000,00000
00000,00000,00000,00000,00000,00000,00000,00000,00000,00000,00000,00000,00000,00000,00000,00000,00000,00000,00000,00000,00000,00000,00000,00000,00000,00000,00000,00000,00000
00000,00000,00000,00000,00000,00000,00000,00000,00000,00000,00000,00000,00000,00000,00000,00000,00000,00000,00000,00000,00000,00000,00000,00000,00000,74047,67212,61540,40515
00000,00000,00000,00000,00000,00000,00000,00000,00000,00000,00000,00000,00000,00000,00000,00000,00000,00000,00000,00000,00000,00000,00000,00000,00000,00000,00000,00000,00000
00000,00000,00000,00000,00000,00000,00000,00000,00000,00000,00000,00000,00000,00000,00000,00000,00000,00000,00000,00000,00000,00000,00000,00000,00000,00000,00000,00000,00000
00000,00000,00000,00085,00037,00030,00000,00000,00000,00000,00000,00000,00000,00000,00000,00000,00000,00000,00000,00000,00000,00000,00000,00009,00000,00000,00009,00004,00000
00000,00000,00000,00000,00000,00000,00000,00000,00000,00000,00000,00000,00000,00000,00000,00000,00000,00000,00000,00000,00000,00000,00000,00000,00000,00000,00000,00000,00000
00000,00000,00000,00000,00000,00000,00000,00000,00000,00000,00000,00000,00000,00000,00000,00000,00000,00000,00000,00000,00000,00000,00000,00000,00000,00000,00000,00000,00000
00000,00000,00000,00000,00000,00000,00000,00000,00000,00000,00000,00000,00000,00000,00000,00000,00000,00000,00000,00000,00000,00000,00000,00000,00000,00000,00000,00000,00000
00000,00000,00000,00000,00000,00000,00000,00000,00000,00000,00000,00000,00000,00000,00000,00000,00000,00000,00000,00000,00000,00000,00000,00000,00000,00000,00000,00000,00000
00000,00000,00035,02082,01197,01477,00044,00000,00029,00034,00000,00000,00000,00000,00000,00000,00024,00000,00000,00030,00000,00000,00000,00016,00000,00046,00063,00137,00036
00000,00000,00272,00061,00000,00056,00254,00531,00639,00621,00524,01348,01182,01170,00972,00387,00286,00141,00000,00201,00000,00000,00000,00000,00000,00049,00133,00000,00000
00000,00000,00000,00000,00000,00000,00000,00000,00000,00000,00000,00000,00000,00000,00000,00000,00000,00000,00000,00000,00000,00000,00000,00000,00000,00000,00000,00002,00000
00000,00000,00000,00000,00000,00000,00000,00000,00000,00000,00000,00000,00000,00000,00000,00000,00000,00000,00000,00000,00000,00000,00000,00000,00000,00000,00000,00000,00000
00000,00000,00000,00000,00000,00000,00000,00000,00000,00000,00000,00000,00000,00000,00000,00000,00000,00000,00000,00000,00000,00000,00000,00000,00000,00000,00000,00000,00000
00026,00045,00025,00000,00000,00000,00000,00000,00000,00000,00000,00000,00000,00000,00000,00000,00062,00057,00000,00000,00000,00000,00000,00000,00000,00000,00000,00041,00047
00000,00000,00000,00000,00000,00000,00000,00000,00000,00000,00000,00000,00000,00000,00000,00000,00000,00000,00000,00000,00000,00000,00000,00000,00000,00000,00000,00000,00000
00000,00000,00000,00000,00000,00000,00000,00000,00000,00000,00000,00000,00000,00000,00000,00000,00000,00000,00000,00000,00000,00000,00000,00000,00000,00000,00000,00000,00000
00000,00000,00000,00000,00000,00000,00000,00000,00000,00000,00000,00000,00000,00000,00000,00000,00000,00000,00000,00000,00000,00000,00000,00000,00000,00000,00000,00000,00000
00000,00000,00000,03972,05295,02828,01345,00000,00000,00000,00000,00000,00000,00000,00000,00000,00000,00000,00000,00000,00000,00000,00000,00000,00000,00000,00000,00000,00000
00000,00000,00000,00000,00000,00000,00000,00000,00000,00000,00000,00000,00000,00000,00000,00000,00000,00000,00000,00000,00000,00000,00000,00000,00000,00000,00000,00000,00000
00000,00000,00000,00000,00000,00000,00000,00000,00000,00000,00000,00000,00000,00000,00000,00000,00000,00000,00000,00000,00000,00000,00000,00000,00000,00000,00000,00000,00000
00000,00000,00000,00000,00000,00000,00000,00000,00000,00000,00000,00000,00000,00000,00000,00000,00000,00000,00000,00000,00000,00000,00000,00000,00000,00000,00000,00000,00000
00000,00000,00000,00000,00000,00000,00000,00000,00000,00000,00000,00000,00000,00000,00000,00000,00000,00000,00000,00000,00000,00000,00000,00000,00000,00000,00000,00000,00000
00000,00000,00000,00000,00000,00000,00000,00000,00000,00000,00000,00000,00000,00000,00000,00000,00000,00000,00000,00000,00000,00000,00000,00000,00000,00000,00000,00000,00000
00000,00000,00000,00000,00000,00000,00000,00000,00000,00000,00000,00000,00000,00000,00000,00000,00000,00000,00000,00000,00000,00000,00000,00000,00000,00000,00000,00000,00000
00000,00000,00000,00000,00000,00000,00000,00000,00000,00000,00000,00000,00000,00000,00000,00000,00000,00000,00000,00000,00000,00000,00000,00000,00000,00000,00000,00000,00000
00000,00000,00000,00000,00000,00000,00000,00000,00000,00000,00000,00000,00000,00000,00000,00000,00000,00000,00000,00000,00000,00000,00000,00000,00000,00000,00000,00000,00000
00000,00000,00000,00000,00000,00000,00000,00000,00000,00000,00000,00000,00000,00000,00000,00000,00000,00000,00000,00000,00000,00000,00000,00000,00000,00000,00000,00000,00000
00000,00000,00000,00000,00000,00000,00000,00000,00000,00000,00000,00000,00234,00131,00000,00000,00000,00046,00000,00000,00086,00048,00048,00045,00366,00017,00000,00000,00000
00000,00000,00000,00000,00000,00000,00000,00000,00000,00000,00000,00000,00000,00000,00000,00000,00000,00000,00000,00000,00000,00000,00000,00000,00000,00000,00000,00000,00000
00000,00000,00000,00000,00000,00000,00000,00000,00000,00000,00000,00000,00000,00000,00000,00000,00000,00000,00000,00000,00000,00000,00000,00000,00000,00000,00000,00000,00000
00000,00000,00000,00000,00000,00000,00000,00000,00000,00000,00000,00000,00000,00000,00000,00000,00000,00000,00000,00000,00000,00000,00000,00000,00000,00000,00000,00000,00000
00000,00000,00000,00000,00000,00000,00000,00000,00000,00000,00000,00000,00000,00000,00000,00000,00000,00000,00000,00000,00000,00000,00000,00000,00000,00000,00000,00000,00000
00000,00000,00000,00000,00000,00000,00000,00000,00000,00000,00000,00000,00000,00000,00000,00000,00000,00000,00000,00000,00000,00000,00000,00000,00000,00000,00000,00000,00000
00000,00000,00000,00000,00000,00000,00000,00000,00000,00000,00000,00000,00000,00000,00000,00000,00000,00000,00000,00036,00002,00000,00000,00000,00000,00000,00005,00000,00000
00000,00000,00000,00000,00000,00000,00000,00000,00000,00000,00000,00000,00000,00624,00139,00047,00000,00000,00000,00000,00000,00000,00035,00000,00000,00000,00000,00000,00000
00000,00000,00000,00000,00000,00000,00000,00000,00000,00000,00000,00000,00000,00000,00000,00000,00000,00000,00000,00000,00000,00000,00000,00000,00000,00969,00924,00181,00063
00000,00000,00000,00000,00000,00000,00000,01389,04591,03356,03282,01473,00486,00076,00000,00000,00000,00177,00632,00767,01978,00300,00283,00773,01531,00985,00197,00425,01933
00000,00000,00000,00000,00000,00000,00000,00000,10000,03272,00651,00000,00000,00167,00000,00000,00000,00000,00000,00000,00000,00000,00000,00000,00000,00000,00000,00051,00000
00238,00501,00725,01479,00182,01123,00823,01192,00560,00939,01374,01023,01072,02263,00737,01234,01389,00502,00314,00219,00377,00419,00202,00211,00140,00114,00134,00030,00000
00029,00000,00000,00000,00000,00000,00000,00000,00056,00000,00000,00000,00000,00000,00000,00000,00000,00000,00000,00000,00000,00000,00000,00000,00000,00000,00000,00000,00000
00000,00000,00000,00000,00000,00000,00000,00000,00000,00000,00000,00000,00000,00000,00000,00000,00000,00000,00000,00000,00000,00000,00000,00000,00000,00000,00000,00000,00000
00000,00000,00000,00000,00000,00000,00000,00000,00000,00000,00000,00000,00000,00000,00000,00000,00000,00000,00000,00000,00000,00000,00000,00000,00000,00000,00000,00000,00000
00000,00000,00000,00000,00000,00000,00000,00000,00000,00000,00000,00000,00000,00000,00000,00000,00000,00000,00000,00000,00000,00000,00000,00000,00000,00000,00000,00000,00000
00000,00000,00000,00000,00000,00000,00000,00000,00000,00000,00000,00000,00000,00000,00000,00000,00000,00000,00000,00000,00000,00000,00000,00000,00000,00000,00000,00000,00000
00000,00000,00000,00000,00000,00000,00000,00000,00000,00000,00000,00000,00000,00000,00000,00000,00000,00000,00000,00000,00000,00000,00000,00000,00000,00000,00000,00000,00000
00000,00000,00000,00000,00000,00000,00000,00000,00000,00000,00000,00000,00000,00000,00000,00000,00000,00000,00000,00000,00000,00000,00000,00000,00000,00000,00000,00000,00000
00000,00000,00000,00000,00000,00000,00000,00000,00000,00000,00000,00000,00000,00000,00000,00000,00000,00000,00000,00000,00000,00000,00000,00000,00000,00000,00000,00000,00000
00000,00000,00000,00000,00000,00000,00000,00000,00000,00000,00000,00000,00000,00000,00000,00000,00000,00000,00000,00000,00000,00000,00000,00000,00000,00000,00000,00000,00000
00003,00001,00000,00000,00000,00000,00000,00000,00000,00000,00000,00000,00000,00000,00000,00000,00000,00000,00000,00000,00000,00000,00000,00000,00000,00000,00000,00000,00000
00006,00060,00059,00129,00033,00039,00000,00000,00000,00000,00000,00000,00000,00000,00000,00000,00000,00000,00000,00035,00000,00000,00000,00000,00000,00000,00000,00000,00000
00000,00000,00000,00000,00000,00000,00000,00000,00000,00000,00000,00000,00000,00000,00000,00000,00000,00000,00000,00000,00000,00000,00000,00000,00000,00000,00000,00000,00000
00000,00000,00000,00000,00000,00000,00000,00000,00000,00000,00000,00000,00000,00000,00000,00000,00000,00000,00000,00000,00000,00000,00000,00000,00000,00000,00000,00000,00000
00000,00000,00000,00000,00000,00000,00000,00000,00000,00000,00000,00000,00000,00000,00000,00000,00000,00000,00000,00000,00000,00000,00000,00000,00000,00000,00000,00000,00000
00000,00000,00034,00257,00800,01916,03008,01084,01403,03029,01016,00931,00642,00538,00670,00397,00217,00255,00472,00339,00505,00236,00267,00256,00147,00107,00110,00086,00060
00000,00000,00000,00000,00000,00000,00000,00000,00000,00000,00000,00000,00000,00000,00000,00000,00000,00000,00000,00711,01222,00000,00000,00000,00000,00000,01255,00000,00000
00000,58180,20206,12172,07603,12068,00000,09795,06626,09281,35640,31770,05986,08403,06092,06205,04318,04052,00000,00000,00000,00000,00000,00000,00000,00000,00000,52171,32170
00000,00000,00000,00000,00000,00000,00000,00000,00000,00000,00000,00000,00000,00000,00000,00000,00000,00000,00000,00711,01222,00000,00000,00000,00000,00000,01255,00000,00000
00000,00000,00000,00000,00000,00000,00000,00000,00000,00000,00000,00000,00000,00000,00000,00000,00000,00000,00000,00000,00000,00000,00000,00000,00000,00000,02359,01859,00885
00000,00000,00000,00000,00000,00000,00000,00000,00000,00000,00000,00000,00000,00000,00000,00000,00000,00000,00000,00000,00000,00000,00000,00000,00000,00000,00000,00000,00000
00000,00000,00000,00000,00000,00000,00011,00000,00000,00000,00000,00000,00000,00000,00000,00000,00000,00000,00000,00025,00000,00000,00000,00000,00000,00000,00000,00000,00000
00000,00000,00000,00000,00103,00145,00187,00085,00066,00027,00000,00000,00000,00000,00000,00000,00000,00000,00000,00000,00000,00000,00000,00000,00000,00184,00750,00268,00497
00000,00000,00000,00000,00000,00000,00000,00000,00000,00000,00000,00000,00000,00000,00000,00000,00000,00000,00000,00000,00000,00000,00000,00000,00000,00000,00000,00000,00000
00000,00000,00000,00000,00000,00000,00000,00000,00031,00010,17203,25000,00000,00000,00057,00000,00000,00000,00000,00000,00000,00000,00000,00000,00000,00000,00000,00025,00000
00000,00000,00044,00000,00000,00000,00000,00000,00000,00000,00000,00000,00000,00000,00000,00000,00000,00000,00000,00000,00000,00000,00000,00000,00000,00000,00000,00000,00000
00000,00000,00000,00000,00000,00000,00000,00000,00000,00000,00000,00000,00000,00000,00000,00000,00000,00000,00000,00000,00000,00000,00000,00000,00000,00000,00000,00000,00000
24358,49698,12227,00165,00036,00075,00029,00052,00000,01040,30704,25050,00040,00050,00050,00050,00083,00050,00177,00050,00515,00151,00051,00050,00077,00025,00049,00050,00000
00000,00000,00000,00000,00000,00000,00000,00000,00000,00000,00000,00000,00000,00000,00000,00000,00000,00000,00000,00000,00000,00000,00000,00000,00000,00000,00000,00000,00000
00000,00000,00000,00000,00000,12295,00000,00000,00000,00000,00000,00000,00000,00000,00000,00000,00000,00000,00000,00000,00000,00000,17169,55226,85050,89142,85434,80425,62205
00000,00000,00000,00000,00000,00000,00000,00000,00000,00000,00000,00000,00000,00000,00000,00000,00000,00000,00000,00000,00000,00000,00000,00000,00000,00000,00000,00000,00000
00000,00000,00000,00000,00000,00000,00000,00000,00000,00000,00000,00000,00000,00000,00000,00000,00000,00000,00000,00000,00000,00000,00000,00000,00000,00000,00000,00000,00000
00000,00000,00000,00000,00000,00000,00000,00000,00000,00000,00000,00000,00000,00000,00000,00000,00000,00000,00000,00000,00000,00000,00000,00000,00000,00000,00003,00000,00002
00000,00000,00000,00000,00000,00000,00000,00000,00000,00000,00000,00000,00000,00000,00000,00000,00000,00000,00000,00000,00000,00000,00000,00000,00000,00000,00000,00000,00000
00000,00000,00000,00000,00000,00000,00000,00000,00000,00000,00000,00000,00000,00000,00000,00000,00000,00000,00000,00000,00000,00000,00000,00000,00000,00000,00000,00000,00000
00000,00000,00000,00000,00000,00000,00000,00000,00000,00000,00000,00000,00000,00000,00000,00000,00000,00000,00000,00000,00000,00000,00000,00000,00000,00000,00000,00000,00000
00035,00041,00026,00000,00000,00000,00000,00000,00000,00029,00000,00000,00000,00000,00000,00000,00000,00000,00000,00000,00000,00000,00000,00000,00000,00000,00000,00000,00000
00000,00000,00052,00771,01763,00000,00000,00000,00000,00000,00000,00000,00000,00000,00000,00027,00000,00000,00000,00621,00000,00000,00000,00000,00000,00000,00000,00000,00000
00000,00000,00000,00000,00000,00000,00000,00000,00000,00000,00000,00000,00000,00000,00000,00000,00000,00000,00000,00000,00000,00000,00000,00000,00000,00000,00000,00000,00000
00000,00000,00000,00000,00000,00000,00000,00000,00000,00000,00000,00000,00000,00000,00000,00000,00000,00000,00000,00000,00000,00000,00000,00000,00000,00000,00000,00000,00000
00000,00000,00000,00000,00000,00000,00000,00000,00000,00000,00000,00217,00430,00000,00000,00000,00000,00000,00000,00000,00000,00000,00000,00000,00000,00000,00000,00000,00000
00000,00000,00000,00000,00000,00000,00000,00000,00000,00000,00000,00000,00000,00000,00000,00000,00000,00000,00000,00000,00000,00000,00000,00000,00000,00000,00000,00000,00000
00000,00000,00000,00002,00000,00000,00000,00000,00000,00505,00199,00000,00000,00000,00000,00000,00000,00000,00000,00000,00000,00000,00000,00000,00000,00000,00000,00000,00000
00000,00000,00000,00000,00000,00000,00000,00000,00000,00000,00000,00000,00000,00000,00000,00000,00000,00000,00000,00000,00000,00000,00000,00000,00000,00000,00000,00000,00000
00000,00000,00000,00000,00000,00000,00000,00000,00000,00000,00000,00000,00000,00000,00000,00000,00000,00000,00000,00000,00000,00000,00000,00000,00000,00000,00000,00000,00000
00000,00000,00000,00000,00000,00000,00000,00000,00000,00000,00000,00000,00000,00000,00000,00000,00000,00000,00000,00000,00000,00000,00000,00000,00000,00000,00000,00000,00000
00000,00000,00000,00000,00000,00000,00000,00000,00000,00000,00000,00000,00000,00000,00000,00000,00000,00000,00000,00000,00000,00000,00000,00000,00000,00000,00000,00000,00000
00082,00083,00072,00067,00058,00037,00027,00000,00000,00000,00000,00000,00000,00000,00000,00000,00000,00000,00000,00000,00000,00000,00000,00000,00000,00000,00000,00000,00000
00000,00000,00000,00000,00000,00000,00000,00000,00000,00000,00000,00000,00000,00000,00000,00000,00000,00000,00000,00000,00000,00000,00000,00000,00000,00000,00000,00000,00000
00000,00000,00000,00000,00000,00000,00000,00000,00000,00000,00000,00000,00000,00000,00000,00000,00000,00000,00000,00000,00000,00000,00000,00000,00000,00000,00000,00000,00000
00000,00000,00000,00000,00000,00000,00000,00000,00000,00000,00000,00000,00000,00000,00000,00000,00000,00000,00000,00000,00000,00000,00000,00000,00000,00000,00000,00000,00000
00000,00000,00000,00000,00000,00000,00000,00000,00000,00000,00000,00000,00000,00000,00000,00000,00000,00000,00000,00000,00000,00000,00000,00000,00000,00000,00000,00000,00000
00000,00000,00000,00000,00000,00000,00000,00000,00000,00000,00000,00000,00000,00000,00000,00000,00000,00000,00000,00000,00000,00000,00000,00000,00000,00000,00000,00000,00000
00000,00000,00000,00000,00000,00000,00000,00000,00000,00000,00000,00000,00000,00000,00000,00000,00000,00000,00000,00000,00000,00000,00000,00000,00000,00000,00000,00000,00000
00000,00000,00000,00142,00345,00000,00826,00000,00000,00000,00000,00000,00000,00000,00000,00000,00000,00000,00000,00000,00000,00000,00000,00000,00000,00000,00000,00000,00000
00048,00000,00160,00000,00000,00000,00000,00000,00000,00000,00000,00000,00000,00000,00000,00207,00000,00000,00000,00000,00000,00000,00000,00000,00000,00000,00000,00000,00000
00000,00000,00000,00000,00000,00000,00000,00000,00000,00000,00000,00000,00000,00000,00000,00000,00000,00000,00000,00000,00000,00000,00000,00000,00000,00000,00000,00000,00000
00000,00000,00000,00000,00000,00000,00000,00000,00000,00000,00000,00000,00000,00000,00000,00000,00000,00000,00000,14427,15269,00000,00000,00000,00000,00000,14968,00000,00000
00000,00000,00000,00000,00000,00000,00000,00000,00000,00000,00000,00000,00000,00000,00000,00000,00000,00000,00000,00000,33851,00000,00000,00000,00000,00000,97872,00000,00000
00000,00000,00000,00000,00000,00000,00000,00000,00000,00000,00000,00000,00000,00000,00000,00000,00000,00000,00000,00000,00000,00000,00000,00000,00000,00000,00000,72877,00000
00000,00000,00000,00000,00000,00000,00000,00000,00000,00000,00000,00000,00000,00000,00000,00524,00000,00000,00000,00000,07269,03189,03858,03460,07958,07542,03486,02695,00000
00000,00072,00058,00039,00000,00000,00000,00000,00051,00030,00213,00286,00278,00466,00863,00915,00213,00000,00000,00000,00000,00000,00000,00000,00000,00000,00000,00000,00000
00000,00000,00000,00000,00000,00000,00000,00000,00000,00000,00000,00000,00000,00000,00000,00000,00000,00000,00000,00000,00000,00000,00000,00000,00000,00000,00000,00000,00000
00000,00000,00000,00000,00000,00000,00000,00000,00000,00000,00000,00000,00000,00000,00000,00000,00000,00000,00000,00000,00000,00000,00000,00000,00000,00000,00000,00000,00000
01002,02324,03149,03078,01503,01172,00836,00828,00986,00811,02025,02814,01154,01797,01512,01374,01382,01372,01084,01076,01115,01029,00433,00409,00384,00463,00495,00655,00656
00000,00000,00000,00000,00000,00000,00000,00000,00000,00000,00000,00000,00000,00000,00000,00000,00000,00000,00000,00000,00000,00000,00000,00000,00000,00000,00000,00000,00000
00000,00000,00000,00000,00000,00000,00000,00000,00000,00000,00000,00000,00000,00000,00000,00000,00000,00000,00000,00000,00000,00000,00000,00000,00000,00000,00000,00000,00000
00000,00031,00044,00000,00143,00000,00000,00034,00037,00000,00019,00040,00112,00000,00000,00000,00028,00052,00072,00117,00133,00074,00205,00000,00000,00000,00000,00022,00027
00050,00094,23038,00327,00118,00140,00657,00681,01911,00032,00270,00053,00007,00026,07927,04094,02608,03939,02217,02200,01043,01144,01072,00638,01882,12149,10138,09621,10211
00000,00000,00000,00000,00000,00000,00000,00000,00000,00000,00000,00000,00000,00000,00000,00000,00000,00000,00000,00000,00000,00000,00000,00000,00000,00000,00000,00000,00000
00005,00018,00016,00031,00049,00044,00035,00071,00000,00000,00000,00077,00244,00610,00309,00378,00120,00565,00276,00665,00679,00027,00056,00064,01671,00000,00000,00000,00000
00000,00000,00000,00000,00000,00000,00000,00000,00000,00000,00000,00000,00000,00000,00000,00000,00000,00000,00000,00000,00000,00000,00000,00000,00000,00000,00000,00000,00000
00000,00000,00000,00000,00000,00000,00000,00000,00000,00000,00000,00000,00000,00000,00000,00000,00000,00000,00000,00000,00000,00000,00000,00000,00000,00000,00000,00000,00000
00000,00000,00000,00000,00000,00000,00000,00000,00000,00000,00000,00000,00000,00000,00000,00000,00000,00000,00000,00000,00000,00000,00000,00000,00000,00000,00001,00034,00000
00000,00000,00000,00000,00000,00000,00000,00000,00000,00000,00000,00000,00000,00000,00000,00000,00000,00000,00000,00000,00000,00000,00000,00000,00000,00000,00000,00000,00000
00000,00000,00000,00000,00000,00000,00000,00000,00000,00000,00000,00000,00000,00000,00000,00000,00000,00000,00000,00000,00000,00000,00000,00000,00000,00000,00000,00000,00000
00000,00000,00000,00000,00000,00000,00000,00000,00000,00000,00018,00010,00000,00000,00000,00000,00000,00001,00000,00000,00000,00002,00029,00029,00042,00048,00049,00085,00000
00000,00000,00000,00000,00000,00000,00000,00000,00000,00000,00014,00174,00000,00000,00000,00000,00000,00000,00000,00000,00000,00000,00000,00000,00000,00000,00000,00000,00000
00814,00274,00220,00118,00274,00464,00694,00788,00426,00232,00000,00000,00000,00000,00000,00000,00000,00000,00000,00000,00000,00000,00010,00000,00000,00000,00000,00000,00000
00000,00000,00000,00000,00000,00000,00000,00000,00000,00000,00000,00000,00000,00000,00000,00000,00000,00000,00000,00000,00000,00000,00000,00000,00000,00000,00000,00000,00000
00000,00000,00000,00000,00000,00000,00000,00000,00000,00000,00000,00000,00000,00000,00000,00000,00000,00000,00000,00000,00000,00000,00000,00000,00000,00000,00000,00000,00000
00000,00000,00000,00000,00000,00000,00000,00000,00000,00000,00000,00000,00000,00000,00000,00000,00000,00000,00000,00000,00000,00000,00000,00000,00000,00000,00000,00000,00000
00000,01058,00135,00000,00000,00000,00000,00000,00000,00000,00000,00000,00000,00000,00000,00000,00000,00000,00000,00000,00000,00000,00000,00000,00000,00000,00000,00000,00000
00000,00000,00000,00000,00000,00000,00000,00000,00000,00000,00000,00000,00000,00000,00000,00000,00000,00000,00000,00000,00000,00000,00000,00000,00000,00000,00000,00000,00000
00030,00249,00000,00000,00000,00000,00000,00000,00000,00000,00000,00000,00000,00000,00000,00000,00000,00000,00000,00000,00000,00000,00000,00000,00000,00000,00000,00000,00000
00760,00753,00040,00089,00122,00082,00073,00090,00082,00054,00041,00000,00000,00000,00000,00000,00000,00588,00000,00000,00000,00000,00000,00000,00002,00134,00076,00000,00074
00027,00339,00000,00000,00005,00000,00000,00000,00000,00000,00000,00057,00341,00492,01787,00000,00000,00000,00000,00000,00000,00000,00000,00000,00000,00000,00000,00000,00000
00000,00000,00000,00000,00000,00000,00000,00000,00000,00000,00000,00000,00000,00000,00000,00000,00000,00000,00000,00000,00000,00000,01930,00000,00000,00322,00275,01727,00404
00000,00000,00000,00000,00000,00000,00000,00000,00000,00000,00000,00000,00000,00000,00000,00000,00000,00000,00000,00000,00000,00000,00000,00000,00000,00000,00000,00000,00000
00000,00000,00000,00000,00000,00000,00000,00000,00000,00000,00000,00000,00000,00000,00000,00000,00000,00000,00000,00000,00000,00000,00000,00000,00000,00000,00000,00000,00000
00000,00000,00000,00000,00000,00000,00000,00000,00000,00000,00000,00000,00000,00000,00000,00000,00000,00000,00000,00000,00000,00000,00000,00000,00000,00000,00000,00000,00000
00000,00000,00000,00000,00000,00000,00000,00000,00000,00000,00000,00000,00000,00000,00000,00000,00000,00000,00000,00000,00000,00000,00000,00000,00000,00000,00000,00000,00000
00000,00000,00000,00000,00000,00000,00000,00000,00000,00000,00000,00000,00000,00000,00000,00000,00000,00000,00000,00000,00000,00000,00000,00000,00000,00000,00000,00000,00000
00533,03622,06432,04091,02075,00657,04755,03868,02880,03762,01882,02525,01144,00000,00029,00000,00088,01970,02494,08262,10165,00000,00000,00000,00000,00000,00000,00000,00000
00000,17098,14240,00000,00000,00000,00000,00000,18947,14322,00000,11663,08128,06842,05819,06963,02710,00000,00000,00000,00000,00000,06142,00000,00000,14464,12552,06757,06577
00000,00000,00000,00000,00000,00000,00000,00000,00000,00000,00000,00000,00000,00000,00000,00000,00000,00000,00000,00000,33851,00000,00000,00000,00000,00000,97872,00000,00000
00000,00000,00000,00000,00000,00000,00000,00000,00000,00068,00000,00000,00000,00000,00000,00000,00000,00000,00000,00000,00000,00000,00000,00000,00000,00000,00000,00000,00000
00000,00000,00000,00000,00000,00000,00000,00000,00000,00000,00000,00000,00000,00000,00000,00000,00000,00000,00000,09720,11378,00000,00000,00000,00000,00000,00424,00000,00000
00000,00000,00000,00000,00000,00000,00000,00000,00000,00000,00000,00000,00000,00000,00000,00000,00000,00000,00000,00000,00000,00000,00000,00000,00000,00000,00000,00000,00000
00000,00000,00000,00000,00000,00000,00000,00000,00000,00000,00000,00000,00000,00000,00000,00000,00000,00000,00000,00000,00000,00000,00000,00000,00000,00000,00000,00000,00000
00000,00000,00000,00000,00000,00000,00000,00000,00000,00000,00000,00000,00000,00000,00000,00000,00000,00000,00000,00000,00000,00000,00000,00000,00000,00000,00000,00000,00000
00000,00000,00000,00000,00000,00000,00000,00000,00000,00000,00000,00000,00000,00000,00000,00000,00000,00000,00000,00000,00000,00000,00000,00000,00000,00000,00000,00000,00000
00000,00000,00000,00000,00000,00000,00000,00000,00000,00000,00000,00000,00000,00000,00000,00000,00000,00000,00000,00000,00000,00000,00000,00000,00000,00000,00000,00000,00000
00207,00000,00000,00000,00000,00000,00000,00000,00000,00000,00000,00000,00000,00000,00000,00000,00000,00000,00000,00000,00000,00000,00000,00000,00000,00000,00000,00000,00000
00000,00000,00000,00000,00000,00000,00000,00000,00000,00000,00000,00000,00000,00000,00000,00000,00000,00000,00000,00000,00000,00000,00000,00000,00000,00000,00000,00000,00000
00000,00000,00000,00585,00000,00000,00000,00000,00000,00000,00000,00000,00000,00000,00000,00000,00000,00000,00000,00000,00000,00000,00000,00000,00000,00000,00000,00000,00000
00000,00000,00000,00000,00000,00000,00000,00000,00000,00000,00000,00000,00000,00000,00000,00000,00000,00000,00000,00000,00000,00000,00000,00000,00000,00000,00000,00000,00000
00000,00000,00000,00000,00000,00000,00000,00000,00000,00000,00000,00000,00000,00000,00000,00000,00000,00000,00000,00000,00000,00000,00000,00000,00000,00000,00000,00000,00000
00000,00000,00000,00000,00000,00000,00000,00000,00000,00000,00000,00000,00000,00000,00000,00000,00000,00000,00000,00000,00000,00000,00000,00000,00000,00000,00000,58323,38577
00000,00000,00000,00000,00000,00145,00000,00037,00000,00000,00000,00000,00000,00000,00000,00000,00000,00000,00000,00000,00000,00000,00000,00000,00000,00000,00000,00000,00000
00000,00000,00000,00000,00000,00000,00000,00000,00000,00000,00000,00000,00000,00000,00000,00000,00000,00000,00000,00000,00000,00000,00000,00000,00000,00000,00000,00000,00000
00000,00000,00000,00000,00000,00000,00000,00000,00000,00000,00000,00000,00000,00000,00000,00000,00000,00000,00000,18665,23099,00000,00000,00000,00000,00000,24399,00000,00000
00000,00000,00000,00000,00000,00000,00000,00000,00000,00000,00000,00000,00072,00000,00000,00000,00000,00000,00000,00000,00000,00000,00000,00000,00000,00000,00000,00000,00000
00000,00203,00000,00000,00000,00106,00000,00000,00000,00000,00000,00000,00000,00000,00000,00000,00012,00000,00039,00112,00126,00028,00018,00218,00808,00189,00165,00096,00345
00000,00000,00000,00000,00000,00000,00000,00000,00000,00000,00000,00000,00000,00000,00000,00000,00000,00000,00000,00000,00000,00000,00000,00000,00000,00000,00000,00000,00000
00997,00536,00777,01617,00130,00685,00317,00229,00323,00061,00025,00215,00193,00271,00038,00027,00139,00244,00348,00046,00188,00150,00713,00702,00278,00187,00625,00116,00500
00000,00000,00000,00000,01319,00000,00000,01974,03499,00000,00000,00000,00000,00000,00000,00000,00000,00000,00000,00000,00000,00000,00000,00000,00000,00000,00000,58213,38574
00000,00000,00000,00000,00000,00000,00000,00000,00000,00000,00000,00000,00000,00000,00000,00000,00000,00000,00000,00000,00000,00000,00000,00000,00000,00000,00000,00000,00000
00000,00000,00000,00000,00000,00000,00000,00000,00000,00000,00000,00000,00000,00000,00000,00000,00000,00000,00000,00000,00000,00000,00000,00000,00000,00000,00000,00000,00000
00000,00000,00000,00000,00000,00000,00000,00000,00000,00000,00000,00000,00000,00000,00000,00000,00000,00000,00000,00000,00000,00000,00000,00000,00000,00000,00000,00000,00000
01149,01577,01326,00309,00000,00000,00000,00000,00000,00000,00000,00000,00000,00000,00000,00000,00000,00000,00000,00000,00000,00000,00000,00000,00027,00000,00000,00026,00000
00000,00000,00000,00000,00000,00000,00000,00000,00000,00000,00000,00000,00000,00000,00000,00000,00000,00000,00000,00000,00000,00001,00008,00000,00000,00000,00000,00000,00000
00000,00000,00000,00000,00000,00000,00000,00000,00000,00000,00000,00000,00000,00000,00000,00000,00000,00000,00000,00000,00000,00000,00000,00000,00000,00000,00000,00000,00000
00000,00000,00000,00000,00000,00000,00000,00000,00000,00000,00000,00000,00000,00000,00000,00000,00000,00000,00000,00000,00000,00000,00000,00000,00000,00000,00000,00000,00000
00000,00000,00000,00000,00000,00000,00000,00000,00000,00000,00000,00000,00000,00000,00000,00000,00000,00000,00000,00000,00000,00000,00000,00000,00070,00000,00000,00000,00001
00000,00000,00000,00000,00000,00000,00000,00000,00000,00000,00000,00000,00233,00000,00000,00000,00000,00000,00000,00000,00000,00000,00000,00000,00000,00000,00000,00000,00000
00000,00000,00000,00000,00000,00000,00000,00000,00000,00000,00001,00057,00000,00005,00000,00000,00000,00000,00000,00000,00000,00000,00000,00000,00000,00000,00000,00000,00000
00000,00000,00000,00000,00000,00000,00000,00000,00000,00000,00000,00000,00000,00000,00000,00000,00000,00000,00000,00000,00000,00000,00000,00000,00000,00000,00000,00000,00000
00000,00000,00040,00029,00000,00050,00034,00000,00062,00000,00000,00000,00000,00000,00000,00004,00000,00000,00081,00047,00000,00000,00000,00000,00031,00000,00368,00274,00203
00000,00000,00000,00000,00000,00000,00000,00000,00000,00000,00000,00000,00000,00000,00000,00128,00000,00000,00000,00000,00405,00324,00811,01629,03811,04493,02470,01879,00000
00526,00039,00000,00000,00000,00000,00000,00000,00000,00000,00000,00000,00000,00000,00000,00000,00000,00000,00000,00000,00000,00000,00000,00000,00000,00000,00000,00000,00000
00000,00002,00000,00000,00000,00000,00000,00000,00000,00000,00000,00000,00000,00000,00000,00000,00000,00000,00000,00000,00000,00000,00000,00000,00000,00000,00000,00000,00000
00000,00000,00000,00000,00000,00000,00000,00000,00000,00000,00000,00000,00000,00000,00000,00000,00000,00000,00000,00000,00000,00000,00000,00000,00000,00000,00000,00000,00000
00000,00000,00000,00000,00000,00000,00000,00044,00040,00250,00156,00268,00429,03947,01341,01880,01104,00457,00000,00000,00000,00000,00000,00000,00000,00000,00000,00000,00000
00000,00000,00000,00000,00000,00000,00000,00000,00000,00000,00000,00000,00000,00000,00000,00000,00000,00000,00000,00000,00000,00000,00000,00000,00000,00000,00000,00000,00000
00000,00000,00000,00000,00000,00000,00000,00000,00000,00000,00000,00000,00000,00000,00000,00000,00000,00000,00000,00000,00000,00000,00000,00000,00000,00000,00000,00000,00000
00000,00000,00000,00000,00000,00000,00000,00000,00000,00000,00000,00000,00000,00000,00000,00000,00000,00000,00000,00000,00000,00000,00000,00000,00000,00000,00000,00000,00000
00000,00000,00000,00000,00000,00000,00000,00000,00000,00000,00000,00000,00000,00000,00000,00000,00000,00000,00000,00000,00000,00000,00000,00000,00000,00000,00000,00000,00000
00000,00000,00000,00000,00000,00000,00000,00000,00000,00000,00000,00000,00000,00000,00000,00000,00000,00000,00000,00000,00000,00000,00000,00000,00000,00000,00000,00000,00000
00000,00072,00026,00000,00000,00038,00069,00042,00000,00000,00000,00001,00020,00032,00174,00359,00110,00419,00747,03537,06864,06052,02863,03018,01802,03136,02077,00735,00668
00920,00000,00000,00000,00000,00000,00000,00000,00000,00000,00000,00000,00000,00000,00000,00000,00000,00000,00000,00000,00000,00000,00000,00000,00000,00000,00000,00000,00000
01827,01099,01138,01036,00672,00253,00266,00080,00093,00025,00075,00000,00000,00000,00000,00000,00000,00000,00032,00040,00050,00028,00000,00000,00000,00000,00000,00000,00000
00937,01306,01515,00430,00253,00265,00152,00180,00302,00093,00199,01567,00749,00662,01056,00339,00470,00360,00439,00481,00894,00332,00350,00295,00514,00470,00572,00550,01620
00000,00000,00000,00000,00000,00000,00000,00000,00000,00000,00000,00000,00000,00000,00000,00000,00000,00000,00000,00000,00000,00000,00000,00000,00000,00000,00000,00000,00000
00000,00055,00000,00033,00034,00026,00029,00078,00000,00000,00000,00000,00000,00000,00000,00000,00000,00000,00000,00000,00000,00000,00000,00000,00000,00000,00000,00000,00000
00000,00000,00000,00000,00000,00000,00000,00000,00000,00000,00000,00000,00000,00000,00000,00000,00000,00000,00000,00000,00000,00000,00000,00000,00000,00000,00000,00000,00000
00000,00000,00000,00000,00000,00000,00000,00000,00000,00000,00000,00000,00000,00000,00000,00000,00000,00000,00000,00000,00000,00000,00000,00000,00000,00000,00000,00000,36181
00000,00000,00000,00000,00000,00000,00000,00000,00000,00000,00000,00000,00000,00000,00000,00000,00000,00000,00000,00000,00000,00000,00000,00000,00000,00000,00000,00000,00000
00000,00000,00000,00000,00000,00000,00000,00000,00000,00000,00000,00000,00000,00000,00000,00000,00000,00000,00000,00000,00000,00000,00000,00000,00000,00000,00000,00000,00000
00000,00000,00000,00000,00000,00000,00000,00000,00000,00000,00000,00000,00000,00000,00000,00000,00000,00000,00000,00000,00000,00000,00000,00000,00000,00000,00000,00000,00000
00150,00000,00000,00000,00000,00000,00000,00000,00000,00000,00000,00000,00000,00000,00000,00000,00000,00000,00000,00000,00000,00000,00000,00000,00000,00000,00000,00000,00000
00000,00000,00000,00000,00000,00000,00000,00000,00000,00000,00000,00000,00000,00000,00000,00000,00000,00000,00000,00000,00000,00000,00000,00000,00000,00000,00000,00000,00000
00000,00000,00000,00000,00000,00000,00000,00000,00000,00000,00000,00000,00000,00000,00000,00000,00000,00000,00000,00000,00000,00000,00000,00000,00000,00000,00000,00000,00000
00000,00000,00000,00000,00000,00000,00000,00000,00000,00000,00000,00000,00000,00000,00000,00000,00000,00000,00000,00000,00000,00000,00000,00000,00000,00000,00000,00000,00000
00000,00000,00000,00000,00000,00000,00000,00000,00000,00000,00000,00000,00000,00000,00000,00000,00000,00000,00000,00000,00000,00000,00000,00000,00000,00000,00000,00000,00000
00000,00000,00000,00000,00000,00000,00000,00000,00000,00000,00000,00000,00000,00000,00000,00000,00000,00000,00000,00000,00000,00000,00000,00000,00000,00000,00000,00000,00000
00249,00000,00000,00000,00000,00000,00000,00000,00000,00000,00000,00000,00000,00000,00000,00000,00000,00000,00000,00000,00000,00000,00000,00000,00000,00000,00000,00000,00000
00000,00192,00220,00000,00145,00229,01754,02721,00000,00000,05854,02907,00791,01289,00480,01151,00668,00259,00176,00404,00696,00418,00356,00516,00321,00168,00084,00069,00053
00000,01126,00153,00087,00353,01054,00000,00090,00535,01095,00000,00000,02044,00000,00000,00000,00000,00000,00000,00000,00000,00000,00000,00013,00001,00000,00000,00000,00000
06735,07541,12934,11445,07649,10804,11159,07959,10306,11079,08692,10843,07802,06666,03743,04328,04341,09025,11231,18427,24485,13945,10701,11146,10242,15884,19845,19412,20321
00000,00000,00101,00000,00000,00000,00000,00000,00000,00000,00000,00000,00000,00000,00000,00058,00031,00011,00002,00000,00000,00000,00000,00000,00000,00000,00078,00110,00003
04515,05030,01313,01083,00942,00337,01036,02289,03859,04891,01408,02841,03457,02312,02008,03673,00246,01030,00217,00620,00373,01054,01404,01411,00593,00849,01264,01314,00128
00000,00058,00000,00076,00233,00000,00299,00000,00319,00242,00000,00047,00033,00000,00039,00000,00000,00000,00000,00000,00000,00000,00025,00000,00000,00000,00000,00000,00000
00000,00000,00000,00000,00000,00000,00000,00000,00000,00000,00000,00000,00000,00000,00000,00000,00000,00000,00000,00000,00000,00000,00000,00000,00000,00000,00000,00000,00000
00000,00000,00000,00002,00000,00000,00000,00000,00000,00000,00000,00000,00000,00000,00000,00000,00000,00000,00000,00000,00000,00000,00000,00000,00000,00000,00000,00000,00000
00000,00000,00552,00218,00410,00628,01472,00570,00748,03287,03153,00382,00050,00000,00000,00000,00000,00000,00000,00000,00000,00000,00000,00000,00000,00000,00000,00000,00000
04925,00848,00088,00000,00000,00000,00000,00000,00000,00000,00000,00000,00000,00000,00000,00000,00000,00000,00000,00000,00000,00000,00000,00000,00000,00000,00000,00000,00000
00000,00000,00000,00000,00000,00000,00000,00000,00000,00000,00000,00000,00000,00000,00000,00000,00000,00000,00000,00000,00000,00000,00000,00000,00000,00000,00000,00000,00000
00373,02650,08005,01154,00025,00237,00104,00440,00000,00000,00025,00000,00228,00114,00000,00000,00000,00547,01575,01521,01477,02151,01937,02624,00913,01113,01173,01925,01837
00000,00000,03022,00142,00000,00000,00000,00000,00000,01235,01398,00000,00000,00000,00000,00000,00000,00000,00000,00000,00000,00000,00000,00000,00000,00000,00000,00000,00000
00000,00000,00000,00000,00000,00000,00000,00000,00000,00000,00000,00000,00000,00000,00000,00000,00000,00000,00000,00000,00000,00000,00000,00000,00000,00000,00000,00000,00000
00000,00000,00000,00000,00000,00000,00000,00000,00000,00000,00000,00000,00000,00000,00000,00000,00000,00000,00000,00000,00000,00000,00220,00266,00926,01674,00493,00735,00465
00000,00000,00000,00000,00000,00000,00000,00000,00000,00000,00000,00000,00000,00000,00000,00000,00000,00000,00000,00000,00000,00000,00000,00000,00000,00000,00000,00000,00000
00000,00000,00000,00000,00000,00000,00000,00000,00000,00000,00000,00000,00000,00000,00000,00000,00000,00000,00000,00000,00000,00000,00000,00000,00000,00000,00000,00000,00000
00000,00000,00000,00000,00000,00000,00000,00000,00000,00000,00000,00000,00000,00000,00000,00000,00000,00000,00000,00000,00000,00000,00000,00000,00000,00000,00000,00000,00000
00000,00000,00000,00000,00000,00000,00000,00000,00000,00000,00000,00000,00000,00000,00000,00000,00000,00000,00000,00000,00000,00000,00000,00000,00000,00000,00000,00000,00000
00000,00000,00000,00000,00000,00000,00000,00000,00000,00000,00000,00000,00000,00000,00000,00000,00000,00000,00000,00000,00000,00000,00000,00000,00000,00000,00000,00000,00000
00000,00000,00000,00000,00000,00000,00000,00000,00000,00000,00000,00000,00000,00000,00000,00000,00000,00000,00000,00000,00000,00000,00000,00000,00000,00000,00000,00000,00000
00000,00000,00000,00000,00000,00000,00000,00000,00000,00000,00000,00000,00000,00000,00000,00000,00000,00000,00000,00000,00000,00000,00000,00000,00000,00000,00000,00000,00000
00000,00000,00000,00000,00000,00000,00000,00000,00000,00000,00000,00000,00000,00000,00000,00000,00000,00000,00000,00000,00000,00000,00000,00000,00000,00000,00000,00000,00000
00000,00000,00000,00000,00000,00000,00000,00000,00000,00000,00000,00000,00000,00000,00000,00000,00000,00000,00000,00000,00000,00000,00000,00000,00000,00000,00000,00000,00000
00000,00000,00000,00000,00000,00000,00000,00000,00000,00000,00000,00000,00000,00000,00000,00000,00000,00000,00000,00000,00000,00000,00000,00000,00000,00000,00000,00000,00000
00000,00000,00000,00000,00000,00000,00000,00000,00000,00000,00000,00000,00000,00000,00000,00000,00000,00000,00000,00000,00000,00000,00964,38500,69086,57529,46647,43936,24950
00000,00000,00000,00000,00000,00000,00000,00000,00000,00000,00000,00000,00000,00000,00000,00000,00000,00000,00000,00000,00000,00000,00000,00000,00000,00000,00000,00000,00000
00050,00652,00068,00899,00120,00161,00000,00000,00097,00034,00394,00989,00226,00294,00037,00050,00100,01250,00069,00991,00135,00004,00000,00000,00000,00000,00275,00000,00057
00000,00000,00000,00000,00000,00000,00000,00000,00000,00000,00000,00000,00000,00000,00000,00000,00000,00000,00000,00711,01222,00000,00000,00000,00000,00000,01255,00000,00000
00000,00000,00000,00000,00000,00000,00000,00000,00000,00000,00000,00000,00000,00000,00000,00000,00000,00000,00000,00000,00000,00000,00000,00000,00000,00000,00000,00000,00000
00000,00000,00000,00000,00000,00000,00000,00000,00000,00000,00000,00000,00000,00000,00000,00000,00000,00000,00000,00000,00000,00000,00000,00000,00000,00000,00000,00000,00000
00201,00019,00000,00000,00000,00000,00000,00000,00001,00003,00000,00008,00022,00023,00026,00164,00208,00212,00197,00148,00138,00082,00161,00131,00189,00068,00053,00050,00043
00000,00000,00000,03376,01045,00356,00368,02790,00087,00600,00003,00046,00000,00000,00000,00000,00000,00000,00000,00000,00000,00098,00028,00000,00000,00000,00000,00000,00000
00000,00000,00000,00000,00000,00000,00000,00000,00000,00000,00000,00000,00000,00000,00000,00000,00000,00000,00000,00000,00000,00000,00000,00000,00000,00000,00000,00000,00000
00000,00000,00000,00000,00000,00000,00000,00000,00000,00000,00000,00000,00000,00000,00000,00000,00000,00000,00000,00000,00000,00000,00000,00000,00000,00000,00000,00000,00000
00000,00000,00000,00000,00000,00000,00000,00000,00000,00000,00000,00000,00000,00000,00000,00000,00000,00000,00000,00000,00000,00000,00000,00000,00000,00000,00000,00000,00000
00000,00000,00000,00000,01319,00000,00000,01974,03499,00000,00000,00000,00000,00000,00000,00000,00000,00000,00000,00000,00000,00000,00000,00000,00000,00000,00000,58213,38574
00000,00000,00000,00000,00000,00000,00000,00000,00000,00000,00000,00000,00000,00000,00000,00000,00000,00000,00000,00000,00000,00000,00000,00000,00000,00000,00000,00000,00000
06735,07541,12934,11445,07649,10804,11159,07959,10306,11079,08692,10843,07802,06666,03743,04328,04341,09025,11231,18427,24485,13945,10701,11146,10242,15884,19845,19412,20321
00000,00000,00000,00000,00000,00000,00000,00000,00000,00000,00000,00000,00000,00000,00000,00000,00000,00000,00000,00000,00000,00000,00000,00000,00000,00000,00000,00000,00000
00000,00039,00000,00000,00000,00000,00000,00000,00000,00000,00000,00000,00000,00000,00000,00000,00000,00000,00000,00000,00000,00000,00000,00000,00000,00000,00000,00000,00000
00000,00000,00000,00000,00000,00000,00000,00000,00000,00000,00000,00000,00000,00000,00000,00000,00000,00000,00000,00000,00000,00000,00000,00000,00000,00000,00000,00072,00000
00227,00245,00344,01563,02117,03865,03006,03283,02273,01920,01129,00121,00081,00025,00079,00183,00359,00210,00453,00429,00126,00197,00421,00743,00019,00000,00899,01394,00387
00000,00000,00000,00000,00000,00000,00000,00000,00000,00000,00000,00000,00000,00000,00000,00000,00000,00000,00000,00000,00000,00000,00000,00000,00000,00000,00000,00000,00000
00000,00000,00000,00000,00000,00000,00000,00000,00000,00000,00000,00000,00000,00000,00000,00000,00000,00000,00000,00000,00000,00000,00000,00000,00000,00000,00000,00000,00000
01022,00626,00857,00072,00000,00149,00259,01155,00738,00746,00341,00364,00108,00722,00633,01215,00610,00198,00091,00000,00000,00000,00000,00000,00000,00000,00000,00000,00000
00000,00000,00000,00000,00000,00000,00000,00000,00000,00000,00000,00000,00000,00000,00000,00000,00000,00000,00000,00000,00000,00000,00000,00000,00000,04353,01304,00255,00409
00000,00000,00000,00000,00000,00000,00000,00000,00000,00000,00000,00000,00000,00000,00000,00000,00000,00000,00000,03987,03070,00000,00000,00000,00000,00000,11847,00000,00000
00000,00000,00000,00000,00000,00000,00000,00000,00000,00000,00000,00000,00000,00000,00000,00000,00000,00000,00000,00000,00000,00000,00000,00000,00000,00000,00000,00000,00000
00000,00000,00000,00000,00000,00000,00000,00000,00000,00000,00000,00000,00233,00000,00000,00000,00000,00000,00000,00000,00000,00000,00000,00000,00000,00000,00000,00000,00000
00000,00000,00000,00000,00000,00000,00000,00000,00000,00000,00050,00297,00000,00000,00000,00037,00000,00000,00000,00000,00000,00000,00000,00000,00000,00000,00000,00000,00000
00000,00000,00000,00000,00000,00000,00000,00000,00000,00000,00000,00000,00000,00000,00000,00000,00000,00000,00000,00000,00000,00000,00000,00000,00000,00000,00000,00000,00000
00000,00000,00000,00144,00000,00000,00000,00000,00000,00000,00000,00000,00000,00000,00000,00000,00000,00000,00002,00000,00000,00000,00000,00000,00000,00000,00000,00000,00000
00000,00000,00000,00000,00000,00000,00000,00000,00000,00000,00000,00000,00000,00000,00000,00000,00000,00000,00000,00000,00000,00000,00000,00000,00000,00000,00000,00000,00000
00000,00000,00000,00000,00000,00000,00000,00000,00000,00000,00000,00000,00000,00000,00000,00000,00000,00000,00000,00000,00000,00000,00000,00000,00000,00000,00000,00000,00000
00000,00000,00000,00000,00000,00000,00000,00000,00000,00000,00000,00000,00000,00000,00000,00000,00000,00000,00000,00000,00000,00000,00000,00000,00000,00000,00000,00000,00000
00000,00000,00000,00000,00000,00000,00000,00000,00000,00000,00000,00000,00000,00000,00000,00000,00000,00000,00000,00000,00000,00000,00000,00000,00000,00000,00000,00000,00000
00000,00000,00000,00000,00000,00000,00000,00000,00000,00000,00000,00000,00000,00000,00000,00000,00000,00000,00000,00000,00000,00000,00000,00000,00000,00000,00000,00000,00000
00000,00000,00000,00000,00000,00000,00000,00000,00000,00000,00000,00000,00000,00000,00000,00000,00000,00000,00000,00000,00000,00000,00000,00000,00000,00000,00000,00000,00000
00000,00000,00000,00000,00000,00000,00000,00000,00000,00000,00000,00000,00000,00000,00000,00000,00000,00000,00000,00000,00000,00000,00000,00000,00000,00000,00000,00000,00000
00000,00000,00000,00000,00000,01489,00000,00000,00000,00000,00000,00000,00000,00000,00000,00000,00000,00000,00000,00021,00094,00175,01140,02330,00582,01660,06700,02447,02351
00000,00000,00000,00000,00000,00000,00000,00000,00000,00000,00000,00000,00000,00000,00000,00000,00000,00000,00000,00000,00000,00000,00000,00000,00000,00000,00000,00000,00000
00000,00000,00000,00000,00000,00000,00000,00000,00000,00000,00000,00000,00000,00000,00000,00000,00000,00000,00000,00000,00000,00000,00000,00000,00000,00000,00000,00000,00000
00000,00000,00000,00000,00000,00000,00000,00000,00000,00000,00000,00000,00000,00000,00000,00000,00000,00000,00000,00000,00000,00000,00000,00000,00000,00000,00000,00000,00000